dealer_hand,player_hand,action
4,6,0
4,15,1
5,16,1
8,14,0
10,15,2
6,6,0
6,16,1
2,10,0
2,16,1
10,12,0
10,15,2
6,12,1
6,11,0
6,21,1
1,20,1
5,18,1
2,8,0
2,19,1
5,7,0
5,10,0
5,20,1
7,17,1
7,11,0
7,17,1
2,16,1
6,11,0
6,20,1
4,12,0
4,18,1
10,15,0
10,14,2
10,19,1
1,15,3
1,19,1
10,16,3
10,18,1
3,19,1
2,21,1
1,10,0
1,20,1
1,9,0
1,16,3
9,13,0
9,15,0
9,16,2
7,11,0
7,19,1
10,15,2
10,12,0
10,16,3
10,18,1
1,11,0
1,12,0
1,14,3
1,12,0
1,15,3
9,21,1
10,20,1
10,12,0
10,15,2
10,13,0
4,13,1
10,10,0
10,16,3
3,15,1
9,7,0
9,17,1
4,18,1
5,18,1
10,15,2
9,12,0
5,13,1
6,12,1
9,20,1
10,13,0
10,18,1
7,10,0
7,18,1
3,12,0
3,15,1
8,9,0
8,14,0
10,21,1
8,7,0
8,13,0
8,21,1
6,16,1
7,15,0
7,18,1
2,12,0
10,15,2
1,18,1
4,16,1
3,18,0
3,18,1
3,10,0
3,12,0
3,20,1
10,11,0
10,21,1
10,12,0
10,13,0
10,18,1
9,16,0
9,16,2
6,9,0
6,13,1
10,19,1
6,16,1
9,10,0
9,12,0
9,17,1
8,11,0
8,21,1
3,7,0
3,12,0
3,19,1
1,10,0
1,12,0
1,20,1
3,17,1
5,18,1
1,17,3
8,21,1
10,20,1
8,19,1
6,16,1
10,13,0
10,19,1
6,11,0
6,16,1
6,17,1
7,18,1
10,12,0
10,21,1
2,18,1
7,19,1
10,16,3
9,18,0
9,21,1
10,14,2
10,13,0
10,18,1
4,20,1
7,14,0
7,20,1
3,10,0
3,19,1
10,4,0
10,15,0
10,15,2
9,18,0
9,15,0
9,19,1
3,9,0
3,12,0
3,13,1
2,8,0
2,13,1
10,20,1
1,15,0
1,15,3
8,18,1
10,11,0
10,21,1
10,20,1
2,9,0
2,19,1
2,13,1
10,14,2
4,15,1
9,8,0
9,18,1
10,12,0
10,18,1
4,17,1
9,14,0
9,17,1
10,14,0
10,17,0
10,21,1
10,18,1
5,12,0
5,20,1
10,13,0
10,19,1
3,20,1
1,13,0
4,20,1
6,17,1
5,21,1
2,21,1
3,10,0
3,14,1
3,6,0
3,16,1
3,16,1
1,21,1
10,7,0
10,17,3
7,14,0
7,16,1
5,12,0
10,17,3
10,18,1
10,12,0
6,10,0
6,14,1
9,9,0
9,18,1
3,19,1
9,16,2
7,14,0
6,14,1
9,5,0
9,10,0
9,20,1
10,13,0
10,5,0
10,13,0
10,21,1
7,13,0
7,16,1
8,12,0
4,16,0
4,14,1
10,12,0
10,13,0
10,19,1
10,5,0
10,15,2
9,15,0
9,20,1
9,15,0
5,15,1
10,14,2
10,13,0
10,21,1
10,13,0
4,10,0
4,12,0
4,14,1
1,18,1
10,12,0
10,18,1
3,12,0
3,16,1
8,14,0
8,16,0
10,16,0
10,21,1
10,10,0
10,15,2
9,18,1
4,20,1
10,18,1
2,16,1
10,13,0
9,14,0
1,11,0
1,19,1
9,13,0
10,17,3
6,14,1
3,16,1
8,10,0
8,20,1
10,13,0
10,15,2
10,13,0
10,20,1
1,13,0
5,13,1
10,20,1
1,8,0
1,10,0
1,20,1
7,14,0
7,16,0
7,17,0
7,17,1
3,12,0
10,18,0
10,12,0
10,9,0
10,18,1
7,16,1
9,14,0
9,17,1
8,14,0
9,17,1
2,12,0
2,18,1
10,12,0
8,10,0
8,21,1
10,18,1
10,11,0
10,17,3
5,10,0
5,21,1
1,15,3
2,12,0
2,19,1
3,20,1
8,17,0
8,18,1
10,18,0
10,15,2
10,16,3
5,18,1
8,15,0
8,19,1
3,17,1
10,6,0
10,8,0
10,14,2
1,16,3
10,11,0
10,21,1
7,15,0
5,13,1
10,5,0
10,13,0
10,14,2
10,20,1
3,12,0
3,17,1
9,9,0
9,20,1
3,13,1
1,21,1
6,16,1
10,11,0
10,21,1
1,12,0
1,16,3
10,14,2
9,17,1
1,8,0
1,18,1
10,10,0
10,16,3
9,16,2
10,20,1
10,14,2
5,13,1
10,12,0
10,17,3
3,12,0
3,13,1
10,8,0
10,12,0
2,19,1
10,12,0
10,17,3
9,12,0
9,15,0
10,12,0
10,17,3
10,14,0
10,19,1
5,15,1
6,20,1
10,20,1
2,18,0
2,18,1
6,21,1
10,15,2
2,16,1
10,18,1
2,15,1
1,13,0
1,18,1
4,13,1
8,12,0
6,20,1
2,15,1
5,14,1
9,13,0
9,21,1
6,20,1
10,19,1
10,20,1
10,19,1
4,15,1
9,21,1
10,17,3
10,12,0
10,17,3
5,13,1
7,15,0
7,21,1
10,14,2
1,13,0
7,11,0
7,17,1
10,8,0
10,15,2
1,21,1
4,6,0
4,13,1
7,18,1
9,17,1
8,17,1
8,12,0
8,16,0
6,13,1
10,20,1
3,21,1
8,15,0
8,16,0
8,20,1
8,13,0
8,13,0
8,21,1
10,13,0
5,11,0
5,12,0
5,14,1
10,15,2
8,17,1
2,19,1
4,15,0
4,19,1
2,14,1
7,9,0
7,13,0
10,20,1
9,21,1
8,16,0
10,13,0
7,13,0
7,15,0
7,20,1
1,13,0
1,21,1
10,13,0
10,16,3
2,13,1
3,21,1
6,14,1
8,14,0
8,19,1
8,11,0
8,16,0
10,13,0
10,17,3
10,6,0
10,10,0
10,12,0
10,21,1
5,11,0
5,21,1
7,19,1
3,8,0
3,14,1
8,18,1
10,13,0
10,20,1
7,6,0
7,10,0
7,15,0
5,20,1
3,19,1
8,17,1
5,20,1
10,14,2
10,13,0
10,20,1
7,13,0
7,14,0
7,19,1
8,19,1
5,19,1
9,16,2
2,15,0
2,14,1
1,12,0
10,12,0
10,19,1
8,11,0
8,21,1
1,11,0
1,20,1
9,20,1
9,10,0
9,20,1
10,15,2
1,15,3
2,20,1
6,20,1
3,13,1
8,21,1
1,15,0
1,15,3
8,15,0
8,12,0
3,20,1
5,12,0
5,20,1
2,11,0
2,21,1
7,17,1
8,20,1
2,17,1
5,20,1
3,13,0
3,13,1
2,11,0
2,21,1
2,17,1
3,12,0
7,6,0
7,11,0
7,21,1
4,16,1
5,10,0
5,14,1
1,18,1
7,11,0
7,17,1
7,15,0
9,17,1
7,18,1
1,15,3
1,20,1
3,20,1
10,8,0
10,12,0
10,18,1
4,11,0
4,21,1
10,19,1
9,16,2
10,20,1
3,13,1
1,16,3
1,15,3
2,8,0
2,17,1
2,14,1
10,11,0
10,21,1
7,16,1
1,20,1
5,17,0
5,17,1
3,16,1
7,13,0
7,6,0
7,17,0
7,13,0
7,19,1
6,11,0
6,12,1
10,8,0
10,11,0
10,21,1
1,18,1
9,14,0
7,13,0
7,20,1
4,6,0
4,16,1
7,12,0
7,16,1
8,16,0
8,16,0
10,17,3
10,21,1
10,11,0
10,20,1
1,12,0
1,13,0
7,11,0
7,17,1
3,8,0
3,11,0
3,16,1
1,19,1
1,12,0
1,18,1
10,17,3
9,14,0
9,18,1
6,16,1
7,19,1
3,15,1
10,14,2
8,20,1
5,14,1
10,8,0
10,14,2
10,19,1
1,18,1
6,16,1
3,12,0
3,17,1
10,20,1
5,14,0
5,14,1
3,18,0
3,19,1
10,8,0
10,11,0
10,21,1
1,17,3
9,6,0
9,11,0
9,16,2
4,20,1
5,16,1
1,18,1
10,20,1
10,11,0
10,14,2
6,11,0
6,21,1
4,9,0
4,12,0
4,16,1
6,7,0
6,17,1
10,13,0
10,12,0
7,19,1
10,12,0
10,18,1
3,17,1
2,8,0
2,10,0
2,21,1
4,17,1
1,12,0
10,20,1
10,19,1
6,9,0
6,14,1
10,12,0
10,14,2
3,19,1
6,13,1
9,20,1
1,16,3
9,10,0
9,19,1
8,20,1
6,19,1
10,7,0
10,15,2
10,17,3
8,12,0
8,14,0
5,19,1
9,6,0
9,15,0
7,15,0
9,15,0
7,10,0
7,20,1
4,9,0
4,16,1
10,21,1
9,13,0
5,21,1
10,18,0
10,19,1
7,16,1
10,20,1
3,8,0
3,14,1
1,20,1
3,9,0
3,17,1
10,11,0
10,21,1
6,14,1
7,17,1
1,10,0
1,18,1
10,16,3
9,14,0
9,18,1
3,17,1
7,15,0
7,17,1
9,18,1
4,13,1
6,18,1
6,7,0
6,15,1
8,15,0
8,20,1
4,17,0
4,14,1
7,8,0
7,13,0
10,8,0
10,16,3
5,15,1
3,18,0
3,18,1
10,20,1
6,17,0
6,16,1
10,16,0
10,19,1
1,15,3
7,16,1
10,10,0
10,20,1
10,14,2
8,17,1
10,7,0
10,15,2
1,18,1
10,9,0
10,12,0
10,18,1
3,19,1
3,12,0
3,19,1
3,15,1
4,20,1
2,19,1
1,13,0
9,12,0
9,15,0
9,20,1
7,6,0
7,8,0
7,11,0
7,19,1
6,17,1
3,20,1
3,8,0
3,15,1
1,20,1
10,18,1
5,14,1
8,12,0
8,19,1
7,16,1
6,19,1
1,10,0
1,14,3
10,17,3
10,20,1
9,13,0
4,5,0
4,14,1
5,7,0
5,11,0
5,21,1
6,15,1
9,10,0
9,13,0
3,16,1
8,13,0
7,9,0
7,19,1
5,10,0
5,14,1
1,11,0
1,15,3
10,13,0
10,19,1
6,18,1
10,14,2
4,16,1
10,13,0
10,20,1
6,13,0
6,15,0
6,15,1
7,19,1
6,16,0
6,16,1
10,11,0
10,15,2
10,14,2
10,13,0
10,18,1
10,18,1
10,11,0
10,20,1
4,16,1
6,20,1
2,10,0
2,14,1
8,7,0
8,15,0
2,21,1
4,21,1
10,10,0
10,17,3
10,19,1
10,17,3
10,20,1
6,21,1
2,19,1
7,14,0
3,14,1
10,20,1
8,13,0
8,19,1
4,16,1
10,13,0
2,12,0
2,21,1
2,12,0
3,9,0
3,11,0
3,17,1
3,6,0
3,13,1
1,12,0
1,21,1
10,20,1
8,8,0
8,18,1
10,12,0
10,15,2
10,15,2
1,14,3
4,20,1
10,16,3
7,12,0
7,14,0
7,14,0
4,13,0
4,13,1
6,16,1
2,17,1
10,15,0
10,12,0
10,13,0
10,15,2
9,21,1
3,19,1
10,15,2
4,17,1
10,9,0
10,19,1
8,12,0
8,21,1
3,9,0
3,12,0
3,16,1
3,14,1
3,18,1
2,18,0
2,13,1
3,20,1
6,10,0
6,15,1
2,12,0
2,20,1
9,15,0
7,16,1
6,14,1
7,19,1
6,16,1
4,17,1
5,16,0
5,16,1
10,19,1
2,15,1
1,14,3
3,19,1
6,13,1
3,15,1
4,12,0
4,13,1
5,10,0
5,20,1
7,11,0
7,19,1
6,16,1
10,11,0
10,16,3
5,13,1
9,13,0
9,20,1
7,17,1
10,19,1
10,13,0
10,18,1
3,12,0
3,20,1
9,12,0
9,12,0
9,13,0
9,20,1
1,16,0
1,13,0
1,14,3
3,15,1
1,8,0
1,18,1
8,12,0
3,4,0
3,13,1
10,20,1
10,21,1
6,18,1
2,11,0
2,18,1
1,13,0
1,19,1
8,21,1
10,13,0
10,21,1
8,9,0
8,19,1
8,9,0
8,11,0
8,15,0
10,20,1
7,21,1
10,7,0
10,18,0
10,18,1
2,10,0
2,15,1
4,20,1
2,18,1
4,12,0
1,12,0
1,14,3
8,14,0
10,12,0
10,20,1
6,19,1
1,12,0
1,12,0
1,18,1
6,15,1
5,12,0
5,19,1
8,18,1
7,17,1
3,15,1
10,15,0
10,15,2
8,11,0
8,12,0
8,15,0
8,19,1
8,11,0
8,21,1
10,16,0
10,14,2
3,16,1
9,8,0
9,14,0
9,15,0
3,11,0
3,12,0
3,21,1
7,9,0
7,19,1
5,19,1
8,18,1
10,6,0
10,13,0
10,7,0
10,16,3
10,12,0
10,21,1
10,16,3
6,8,0
6,17,1
10,19,1
10,18,1
2,13,1
7,21,1
1,20,1
9,13,0
6,10,0
6,20,1
10,12,0
10,15,2
7,11,0
7,17,1
10,12,0
10,14,2
10,10,0
10,20,1
10,10,0
10,12,0
9,11,0
9,12,0
9,16,2
5,13,1
4,18,1
9,18,1
9,14,0
9,16,2
8,10,0
8,16,0
10,13,0
3,13,1
9,12,0
9,21,1
10,12,0
3,20,1
9,7,0
9,17,1
10,20,1
10,18,1
2,10,0
2,20,1
6,20,1
3,6,0
3,9,0
3,19,1
10,14,0
10,13,0
10,21,1
10,11,0
10,19,1
3,20,1
5,20,1
9,17,0
9,17,1
4,13,1
5,16,1
9,21,1
10,14,2
8,17,1
4,13,1
10,6,0
10,16,3
8,18,1
10,10,0
10,17,3
8,16,0
8,19,1
6,19,1
10,19,1
10,20,1
4,14,1
2,13,1
9,13,0
9,20,1
4,11,0
4,18,1
9,4,0
9,12,0
9,19,1
10,15,2
10,18,1
9,19,1
1,5,0
1,16,0
1,19,1
5,16,1
2,20,1
10,20,1
9,12,0
9,16,2
7,12,0
7,20,1
7,15,0
10,13,0
10,20,1
1,16,3
7,13,0
7,14,0
7,21,1
7,7,0
7,17,1
7,7,0
7,14,0
7,17,1
7,21,1
1,20,1
6,15,1
5,20,1
10,16,0
10,13,0
10,14,2
5,16,1
10,9,0
10,17,3
4,17,1
8,12,0
8,17,1
1,18,1
9,12,0
9,20,1
8,14,0
8,16,0
10,16,3
9,18,1
1,20,1
7,16,0
7,18,1
7,16,1
10,16,3
10,13,0
4,20,1
7,10,0
7,19,1
1,19,1
6,14,1
10,10,0
10,17,3
8,6,0
8,11,0
8,18,1
3,16,1
9,12,0
9,21,1
4,13,1
4,11,0
4,21,1
7,15,0
7,16,1
8,16,0
8,16,0
8,21,1
9,19,1
5,11,0
5,16,1
4,16,1
2,12,0
2,21,1
10,13,0
10,19,1
3,19,1
3,12,0
3,13,1
10,5,0
10,15,2
10,20,1
1,13,0
10,13,0
10,12,0
8,21,1
7,18,1
4,16,1
1,20,1
10,20,1
10,16,3
7,10,0
7,20,1
7,17,0
7,19,1
4,13,1
8,12,0
10,6,0
10,17,0
10,17,3
10,15,2
6,17,1
10,14,2
1,15,3
10,21,1
10,9,0
10,18,1
6,15,1
5,7,0
5,16,1
8,16,0
8,21,1
1,11,0
1,17,3
8,10,0
8,19,1
9,10,0
9,16,2
8,5,0
8,11,0
8,17,1
5,12,0
5,13,1
5,13,0
5,14,0
5,14,1
1,12,0
1,15,3
2,16,1
10,14,2
8,20,1
3,21,1
2,12,0
2,13,1
3,21,1
10,6,0
10,17,0
10,20,1
6,16,0
6,16,1
2,13,1
6,13,1
2,14,1
1,17,3
7,17,1
7,15,0
10,15,0
10,15,2
3,11,0
3,21,1
6,16,1
3,18,1
10,15,2
4,17,0
4,19,1
6,15,1
6,13,1
6,17,0
6,20,1
10,15,0
10,12,0
10,19,1
2,18,1
6,13,1
10,13,0
10,13,0
10,14,2
5,14,0
5,16,0
5,18,1
6,9,0
6,18,1
5,19,1
5,9,0
5,14,1
10,14,2
8,14,0
8,17,1
4,17,1
3,12,0
3,18,0
3,21,1
10,20,1
5,19,1
10,14,2
10,12,0
10,17,3
6,20,1
6,12,1
3,15,1
3,13,1
4,14,1
10,14,2
2,7,0
2,14,1
3,18,1
3,20,1
10,13,0
4,21,1
1,18,1
2,18,0
2,21,1
4,13,1
10,15,2
8,12,0
8,10,0
8,20,1
10,17,3
10,14,2
3,14,1
7,17,1
10,12,0
10,19,1
3,9,0
3,13,1
4,16,1
6,21,1
6,14,1
6,15,1
10,8,0
10,18,1
6,8,0
6,14,1
6,19,1
7,10,0
7,20,1
3,19,1
8,12,0
8,16,0
8,20,1
10,20,1
8,12,0
8,14,0
8,18,1
8,15,0
8,15,0
8,18,1
5,11,0
5,12,0
5,13,1
8,19,1
8,14,0
8,20,1
10,13,0
10,17,3
9,20,1
5,13,1
10,12,0
10,14,2
10,21,1
1,7,0
1,16,3
6,18,1
4,21,1
10,20,1
10,14,2
10,14,2
5,19,1
6,16,1
7,18,1
7,12,0
10,17,3
7,15,0
2,16,1
2,14,1
3,20,1
10,19,1
1,19,1
5,20,1
7,15,0
9,15,0
10,18,1
10,13,0
10,12,0
5,7,0
5,10,0
5,20,1
2,19,1
10,12,0
10,14,2
7,15,0
1,12,0
1,20,1
9,17,1
1,12,0
1,19,1
8,8,0
8,16,0
10,13,0
5,12,0
5,18,1
1,7,0
1,14,3
4,11,0
4,21,1
10,17,3
7,16,1
1,10,0
1,16,3
10,20,1
10,15,2
7,20,1
10,11,0
10,16,3
3,16,1
3,19,1
10,20,1
9,13,0
9,14,0
9,20,1
4,14,1
10,18,1
1,7,0
1,10,0
1,12,0
7,18,1
8,10,0
8,20,1
10,12,0
10,19,1
10,8,0
10,18,1
10,16,0
10,21,1
10,15,2
5,16,1
10,21,1
2,8,0
2,18,1
9,16,0
9,16,2
1,17,3
9,12,0
9,15,0
8,14,0
8,15,0
4,17,1
2,14,0
2,19,1
5,15,1
9,18,0
9,12,0
9,16,2
3,7,0
3,11,0
3,21,1
4,13,1
3,10,0
3,20,1
10,12,0
8,16,0
2,14,1
1,13,0
1,16,3
9,7,0
9,18,0
9,19,1
6,19,1
3,14,1
5,17,1
1,15,3
1,11,0
1,20,1
7,15,0
7,21,1
10,13,0
9,11,0
9,20,1
10,14,0
10,12,0
7,19,1
8,8,0
8,18,1
10,17,0
10,17,3
8,12,0
8,20,1
8,14,0
8,19,1
10,16,3
2,21,1
3,16,1
7,20,1
1,10,0
1,14,3
9,21,1
1,19,1
10,10,0
10,18,1
7,10,0
7,18,1
9,9,0
9,12,0
9,13,0
9,15,0
4,9,0
4,15,1
3,21,1
4,14,1
7,17,1
3,16,1
3,16,1
4,12,0
4,19,1
3,12,0
3,16,1
7,8,0
7,12,0
7,17,1
8,18,1
10,18,1
9,16,2
6,14,1
2,13,1
8,10,0
8,20,1
1,14,3
10,16,0
10,14,2
4,13,1
1,21,1
2,18,1
10,15,2
1,12,0
1,17,3
7,20,1
7,14,0
7,20,1
2,16,1
10,4,0
10,8,0
10,18,1
10,13,0
10,15,2
5,16,1
10,20,1
5,11,0
5,21,1
6,10,0
6,16,1
7,9,0
7,19,1
10,13,0
4,12,0
4,16,1
6,13,1
5,12,0
5,14,1
10,14,2
