dealer_hand,player_hand,result,reward,total_reward,bankroll
18,15,loss,-1.0,-1.0,95.0
25,16,win,1.0,1.0,100.0
18,23,loss,-1.0,-1.0,95.0
19,18,loss,-1.0,-1.0,85.0
25,16,win,1.0,1.0,90.0
22,16,win,1.0,1.0,95.0
20,18,loss,-1.0,-1.0,85.0
18,12,loss,-1.0,-1.0,80.0
17,21,win,1.0,1.0,85.0
17,20,win,1.0,1.0,90.0
20,18,loss,-1.0,-1.0,85.0
22,19,win,1.0,1.0,90.0
19,20,win,1.0,1.0,95.0
17,17,draw,0.0,0.0,95.0
18,17,loss,-1.0,-1.0,90.0
22,16,win,1.0,1.0,95.0
17,20,win,1.0,1.0,100.0
24,18,win,1.0,1.0,105.0
20,15,loss,-1.0,-1.0,95.0
17,19,win,1.0,1.0,100.0
15,15,surrender,-0.5,-0.5,97.5
20,19,loss,-1.0,-1.0,92.5
20,16,surrender,-0.5,-0.5,90.0
17,18,win,1.0,1.0,95.0
17,19,win,1.0,1.0,100.0
24,21,win,1.0,1.0,105.0
20,20,draw,0.0,0.0,105.0
21,16,surrender,-0.5,-0.5,102.5
19,20,win,1.0,1.0,112.5
20,19,loss,-1.0,-1.0,107.5
17,24,loss,-1.0,-1.0,97.5
19,16,surrender,-0.5,-0.5,95.0
24,18,win,1.0,1.0,100.0
20,14,surrender,-0.5,-0.5,97.5
17,15,surrender,-0.5,-0.5,95.0
20,21,win,1.0,1.0,100.0
20,20,draw,0.0,0.0,100.0
21,25,loss,-1.0,-1.0,90.0
20,23,loss,-1.0,-1.0,85.0
20,13,loss,-1.0,-1.0,80.0
20,16,surrender,-0.5,-0.5,77.5
19,15,loss,-1.0,-1.0,72.5
21,17,loss,-1.0,-1.0,67.5
24,18,win,1.0,1.0,72.5
22,18,win,1.0,1.0,77.5
25,20,win,1.0,1.0,87.5
18,22,loss,-1.0,-1.0,82.5
20,13,loss,-1.0,-1.0,77.5
22,12,win,1.0,1.0,82.5
20,20,draw,0.0,0.0,82.5
16,23,loss,-1.0,-1.0,77.5
22,18,win,1.0,1.0,82.5
25,18,win,1.0,1.0,87.5
17,15,loss,-1.0,-1.0,82.5
12,24,loss,-1.0,-1.0,77.5
19,21,win,1.0,1.0,82.5
18,21,win,1.0,1.0,87.5
19,16,loss,-1.0,-1.0,82.5
19,18,loss,-1.0,-1.0,77.5
12,22,loss,-1.0,-1.0,72.5
18,25,loss,-1.0,-1.0,62.5
18,18,draw,0.0,0.0,62.5
18,16,loss,-1.0,-1.0,57.5
24,18,win,1.0,1.0,62.5
17,20,win,1.0,1.0,67.5
18,21,win,1.0,1.0,72.5
24,18,win,1.0,1.0,77.5
18,17,loss,-1.0,-1.0,67.5
21,13,loss,-1.0,-1.0,62.5
20,19,loss,-1.0,-1.0,57.5
22,16,win,1.0,1.0,62.5
19,17,loss,-1.0,-1.0,57.5
18,21,win,1.0,1.0,62.5
18,19,win,1.0,1.0,67.5
15,22,loss,-1.0,-1.0,62.5
21,20,loss,-1.0,-1.0,57.5
26,17,win,1.0,1.0,62.5
17,18,win,1.0,1.0,67.5
21,17,surrender,-0.5,-0.5,65.0
18,21,win,1.0,1.0,70.0
19,20,win,1.0,1.0,75.0
19,19,draw,0.0,0.0,75.0
25,16,win,1.0,1.0,80.0
20,19,loss,-1.0,-1.0,75.0
23,16,win,1.0,1.0,80.0
26,17,win,1.0,1.0,85.0
21,18,loss,-1.0,-1.0,80.0
18,21,win,1.0,1.0,85.0
19,18,loss,-1.0,-1.0,80.0
26,19,win,1.0,1.0,85.0
20,16,surrender,-0.5,-0.5,82.5
18,21,win,1.0,1.0,87.5
18,24,loss,-1.0,-1.0,77.5
23,18,win,1.0,1.0,82.5
20,20,draw,0.0,0.0,82.5
17,20,win,1.0,1.0,87.5
22,19,win,1.0,1.0,92.5
18,19,win,1.0,1.0,102.5
17,19,win,1.0,1.0,107.5
24,13,win,1.0,1.0,112.5
23,13,win,1.0,1.0,117.5
17,20,win,1.0,1.0,122.5
18,15,surrender,-0.5,-0.5,120.0
23,18,win,1.0,1.0,125.0
20,21,win,1.0,1.0,130.0
19,20,win,1.0,1.0,135.0
17,19,win,1.0,1.0,140.0
18,13,loss,-1.0,-1.0,135.0
18,18,draw,0.0,0.0,135.0
20,15,loss,-1.0,-1.0,130.0
19,18,loss,-1.0,-1.0,125.0
25,18,win,1.0,1.0,130.0
23,17,win,1.0,1.0,135.0
22,17,win,1.0,1.0,140.0
20,21,win,1.0,1.0,145.0
19,18,loss,-1.0,-1.0,140.0
24,20,win,1.0,1.0,145.0
20,19,loss,-1.0,-1.0,140.0
18,20,win,1.0,1.0,145.0
13,23,loss,-1.0,-1.0,140.0
17,20,win,1.0,1.0,145.0
19,17,loss,-1.0,-1.0,140.0
23,21,win,1.0,1.0,145.0
21,21,draw,0.0,0.0,145.0
20,14,loss,-1.0,-1.0,140.0
19,16,loss,-1.0,-1.0,135.0
18,16,loss,-1.0,-1.0,130.0
21,21,draw,0.0,0.0,130.0
20,17,surrender,-0.5,-0.5,127.5
17,16,loss,-1.0,-1.0,122.5
15,22,loss,-1.0,-1.0,117.5
15,17,surrender,-0.5,-0.5,115.0
20,18,loss,-1.0,-1.0,110.0
20,22,loss,-1.0,-1.0,105.0
20,14,loss,-1.0,-1.0,100.0
19,18,loss,-1.0,-1.0,95.0
21,19,loss,-1.0,-1.0,90.0
23,23,loss,-1.0,-1.0,80.0
13,24,loss,-1.0,-1.0,75.0
17,14,loss,-1.0,-1.0,70.0
19,20,win,1.0,1.0,75.0
13,23,loss,-1.0,-1.0,70.0
20,21,win,1.0,1.0,75.0
10,23,loss,-1.0,-1.0,70.0
17,16,loss,-1.0,-1.0,65.0
18,22,loss,-1.0,-1.0,60.0
22,14,win,1.0,1.0,65.0
21,19,loss,-1.0,-1.0,60.0
20,25,loss,-1.0,-1.0,50.0
20,20,draw,0.0,0.0,50.0
20,24,loss,-1.0,-1.0,45.0
24,15,win,1.0,1.0,50.0
17,21,win,1.0,1.0,60.0
20,21,win,1.0,1.0,65.0
20,22,loss,-1.0,-1.0,60.0
20,14,loss,-1.0,-1.0,55.0
21,18,loss,-1.0,-1.0,50.0
20,18,loss,-1.0,-1.0,45.0
18,16,loss,-1.0,-1.0,40.0
18,26,loss,-1.0,-1.0,35.0
17,21,win,1.0,1.0,40.0
20,16,loss,-1.0,-1.0,30.0
20,18,loss,-1.0,-1.0,25.0
20,20,draw,0.0,0.0,25.0
21,18,loss,-1.0,-1.0,20.0
21,16,loss,-1.0,-1.0,15.0
13,23,loss,-1.0,-1.0,10.0
12,24,loss,-1.0,-1.0,5.0
26,19,win,1.0,1.0,10.0
18,22,loss,-1.0,-1.0,5.0
14,17,surrender,-0.5,-0.5,2.5
18,14,loss,-1.0,-1.0,-2.5
25,16,win,1.0,1.0,2.5
19,20,win,1.0,1.0,7.5
25,20,win,1.0,1.0,17.5
18,20,win,1.0,1.0,22.5
15,23,loss,-1.0,-1.0,17.5
19,13,loss,-1.0,-1.0,12.5
19,20,win,1.0,1.0,17.5
21,20,loss,-1.0,-1.0,12.5
22,17,win,1.0,1.0,17.5
5,22,loss,-1.0,-1.0,12.5
20,22,loss,-1.0,-1.0,7.5
20,18,loss,-1.0,-1.0,2.5
22,16,win,1.0,1.0,7.5
19,17,loss,-1.0,-1.0,2.5
17,24,loss,-1.0,-1.0,-2.5
19,17,loss,-1.0,-1.0,-7.5
19,18,loss,-1.0,-1.0,-12.5
21,22,loss,-1.0,-1.0,-17.5
19,21,win,1.0,1.0,-12.5
20,18,loss,-1.0,-1.0,-17.5
14,17,surrender,-0.5,-0.5,-20.0
19,21,win,1.0,1.0,-15.0
16,15,surrender,-0.5,-0.5,-17.5
23,19,win,1.0,1.0,-12.5
22,20,win,1.0,1.0,-7.5
17,18,win,1.0,1.0,-2.5
21,20,loss,-1.0,-1.0,-12.5
20,16,surrender,-0.5,-0.5,-15.0
18,18,draw,0.0,0.0,-15.0
25,19,win,1.0,1.0,-10.0
17,17,draw,0.0,0.0,-10.0
17,24,loss,-1.0,-1.0,-20.0
19,16,surrender,-0.5,-0.5,-22.5
19,21,win,1.0,1.0,-17.5
16,22,loss,-1.0,-1.0,-22.5
18,13,loss,-1.0,-1.0,-27.5
22,19,win,1.0,1.0,-17.5
23,20,win,1.0,1.0,-12.5
25,17,win,1.0,1.0,-7.5
22,20,win,1.0,1.0,-2.5
24,13,win,1.0,1.0,2.5
19,21,win,1.0,1.0,7.5
23,16,win,1.0,1.0,12.5
20,21,win,1.0,1.0,17.5
12,16,surrender,-0.5,-0.5,15.0
18,24,loss,-1.0,-1.0,5.0
19,17,loss,-1.0,-1.0,0.0
17,18,win,1.0,1.0,5.0
19,16,surrender,-0.5,-0.5,2.5
19,21,win,1.0,1.0,12.5
20,20,draw,0.0,0.0,12.5
20,21,win,1.0,1.0,22.5
17,13,loss,-1.0,-1.0,17.5
15,22,loss,-1.0,-1.0,12.5
14,17,surrender,-0.5,-0.5,10.0
25,13,win,1.0,1.0,15.0
12,22,loss,-1.0,-1.0,10.0
21,19,loss,-1.0,-1.0,5.0
16,17,surrender,-0.5,-0.5,2.5
20,25,loss,-1.0,-1.0,-2.5
19,17,surrender,-0.5,-0.5,-5.0
20,19,loss,-1.0,-1.0,-10.0
25,15,win,1.0,1.0,-5.0
23,20,win,1.0,1.0,0.0
20,20,draw,0.0,0.0,0.0
19,18,loss,-1.0,-1.0,-5.0
18,21,win,1.0,1.0,0.0
20,19,loss,-1.0,-1.0,-10.0
23,16,win,1.0,1.0,-5.0
20,18,loss,-1.0,-1.0,-10.0
18,15,loss,-1.0,-1.0,-15.0
18,18,draw,0.0,0.0,-15.0
23,13,win,1.0,1.0,-10.0
13,22,loss,-1.0,-1.0,-15.0
25,20,win,1.0,1.0,-10.0
19,15,loss,-1.0,-1.0,-15.0
19,14,loss,-1.0,-1.0,-20.0
19,21,win,1.0,1.0,-15.0
20,20,draw,0.0,0.0,-15.0
21,19,loss,-1.0,-1.0,-20.0
20,20,draw,0.0,0.0,-20.0
20,19,loss,-1.0,-1.0,-25.0
26,15,win,1.0,1.0,-20.0
19,21,win,1.0,1.0,-15.0
19,17,surrender,-0.5,-0.5,-17.5
20,17,surrender,-0.5,-0.5,-20.0
25,13,win,1.0,1.0,-15.0
17,21,win,1.0,1.0,-10.0
20,15,loss,-1.0,-1.0,-20.0
18,23,loss,-1.0,-1.0,-25.0
25,17,win,1.0,1.0,-20.0
24,20,win,1.0,1.0,-10.0
22,21,win,1.0,1.0,-5.0
21,13,loss,-1.0,-1.0,-10.0
18,18,draw,0.0,0.0,-10.0
17,17,draw,0.0,0.0,-10.0
22,17,win,1.0,1.0,-5.0
14,23,loss,-1.0,-1.0,-10.0
24,13,win,1.0,1.0,-5.0
20,20,draw,0.0,0.0,-5.0
22,21,win,1.0,1.0,0.0
19,20,win,1.0,1.0,5.0
17,21,win,1.0,1.0,10.0
20,23,loss,-1.0,-1.0,5.0
21,14,loss,-1.0,-1.0,0.0
18,22,loss,-1.0,-1.0,-10.0
19,17,loss,-1.0,-1.0,-15.0
19,19,draw,0.0,0.0,-15.0
19,19,draw,0.0,0.0,-15.0
18,14,loss,-1.0,-1.0,-20.0
13,23,loss,-1.0,-1.0,-25.0
22,20,win,1.0,1.0,-20.0
18,21,win,1.0,1.0,-15.0
12,25,loss,-1.0,-1.0,-20.0
18,23,loss,-1.0,-1.0,-25.0
21,20,loss,-1.0,-1.0,-30.0
21,21,draw,0.0,0.0,-30.0
21,16,surrender,-0.5,-0.5,-32.5
21,13,loss,-1.0,-1.0,-37.5
20,21,win,1.0,1.0,-32.5
19,14,loss,-1.0,-1.0,-37.5
20,19,loss,-1.0,-1.0,-42.5
19,26,loss,-1.0,-1.0,-47.5
17,17,surrender,-0.5,-0.5,-50.0
20,21,win,1.0,1.0,-45.0
20,21,win,1.0,1.0,-40.0
17,19,win,1.0,1.0,-35.0
19,14,loss,-1.0,-1.0,-40.0
20,18,loss,-1.0,-1.0,-45.0
18,20,win,1.0,1.0,-40.0
17,24,loss,-1.0,-1.0,-45.0
19,20,win,1.0,1.0,-40.0
24,19,win,1.0,1.0,-35.0
20,17,loss,-1.0,-1.0,-40.0
24,20,win,1.0,1.0,-35.0
22,15,win,1.0,1.0,-25.0
17,20,win,1.0,1.0,-20.0
19,19,draw,0.0,0.0,-20.0
17,19,win,1.0,1.0,-15.0
17,19,win,1.0,1.0,-10.0
20,19,loss,-1.0,-1.0,-20.0
17,14,loss,-1.0,-1.0,-25.0
15,22,loss,-1.0,-1.0,-30.0
17,19,win,1.0,1.0,-25.0
21,21,draw,0.0,0.0,-25.0
26,20,win,1.0,1.0,-20.0
19,20,win,1.0,1.0,-15.0
19,20,win,1.0,1.0,-10.0
18,22,loss,-1.0,-1.0,-20.0
21,15,surrender,-0.5,-0.5,-22.5
19,20,win,1.0,1.0,-17.5
18,20,win,1.0,1.0,-12.5
22,13,win,1.0,1.0,-7.5
25,21,win,1.0,1.0,-2.5
19,15,surrender,-0.5,-0.5,-5.0
12,22,loss,-1.0,-1.0,-10.0
20,20,draw,0.0,0.0,-10.0
20,20,draw,0.0,0.0,-10.0
22,21,win,1.0,1.0,-5.0
19,17,loss,-1.0,-1.0,-10.0
21,20,loss,-1.0,-1.0,-15.0
18,17,loss,-1.0,-1.0,-20.0
18,20,win,1.0,1.0,-15.0
23,13,win,1.0,1.0,-10.0
18,21,win,1.0,1.0,-5.0
19,17,loss,-1.0,-1.0,-10.0
10,22,loss,-1.0,-1.0,-15.0
24,21,win,1.0,1.0,-10.0
24,16,win,1.0,1.0,-5.0
21,14,loss,-1.0,-1.0,-10.0
17,18,win,1.0,1.0,-5.0
23,17,win,1.0,1.0,0.0
15,25,loss,-1.0,-1.0,-5.0
17,17,draw,0.0,0.0,-5.0
22,18,win,1.0,1.0,0.0
21,15,surrender,-0.5,-0.5,-2.5
20,20,draw,0.0,0.0,-2.5
22,20,win,1.0,1.0,2.5
20,18,loss,-1.0,-1.0,-2.5
26,21,win,1.0,1.0,2.5
20,19,loss,-1.0,-1.0,-2.5
19,23,loss,-1.0,-1.0,-12.5
20,20,draw,0.0,0.0,-12.5
20,13,loss,-1.0,-1.0,-17.5
13,16,surrender,-0.5,-0.5,-20.0
19,15,surrender,-0.5,-0.5,-22.5
18,17,loss,-1.0,-1.0,-27.5
24,14,win,1.0,1.0,-22.5
22,21,win,1.0,1.0,-17.5
17,16,loss,-1.0,-1.0,-22.5
21,20,loss,-1.0,-1.0,-27.5
20,17,loss,-1.0,-1.0,-32.5
23,16,win,1.0,1.0,-27.5
10,22,loss,-1.0,-1.0,-32.5
17,19,win,1.0,1.0,-27.5
25,12,win,1.0,1.0,-22.5
20,21,win,1.0,1.0,-17.5
20,18,loss,-1.0,-1.0,-22.5
19,24,loss,-1.0,-1.0,-27.5
17,20,win,1.0,1.0,-22.5
23,16,win,1.0,1.0,-17.5
17,16,loss,-1.0,-1.0,-22.5
18,26,loss,-1.0,-1.0,-27.5
14,17,surrender,-0.5,-0.5,-30.0
20,21,win,1.0,1.0,-25.0
18,20,win,1.0,1.0,-20.0
13,23,loss,-1.0,-1.0,-25.0
24,17,win,1.0,1.0,-20.0
20,16,loss,-1.0,-1.0,-25.0
21,19,loss,-1.0,-1.0,-30.0
19,18,loss,-1.0,-1.0,-35.0
17,17,surrender,-0.5,-0.5,-37.5
19,18,loss,-1.0,-1.0,-42.5
17,16,loss,-1.0,-1.0,-47.5
17,19,win,1.0,1.0,-42.5
19,15,loss,-1.0,-1.0,-47.5
23,18,win,1.0,1.0,-37.5
18,20,win,1.0,1.0,-32.5
18,14,loss,-1.0,-1.0,-37.5
19,15,loss,-1.0,-1.0,-47.5
18,19,win,1.0,1.0,-42.5
19,18,loss,-1.0,-1.0,-47.5
25,16,win,1.0,1.0,-42.5
21,17,loss,-1.0,-1.0,-47.5
26,20,win,1.0,1.0,-42.5
20,14,loss,-1.0,-1.0,-47.5
18,19,win,1.0,1.0,-42.5
20,21,win,1.0,1.0,-37.5
15,17,surrender,-0.5,-0.5,-40.0
17,21,win,1.0,1.0,-30.0
18,20,win,1.0,1.0,-25.0
24,16,win,1.0,1.0,-20.0
19,18,loss,-1.0,-1.0,-25.0
17,20,win,1.0,1.0,-20.0
22,15,win,1.0,1.0,-10.0
23,21,win,1.0,1.0,-5.0
21,16,loss,-1.0,-1.0,-10.0
24,17,win,1.0,1.0,-5.0
17,22,loss,-1.0,-1.0,-10.0
17,19,win,1.0,1.0,-5.0
19,18,loss,-1.0,-1.0,-10.0
17,17,draw,0.0,0.0,-10.0
17,21,win,1.0,1.0,-5.0
20,17,loss,-1.0,-1.0,-10.0
18,22,loss,-1.0,-1.0,-15.0
18,20,win,1.0,1.0,-10.0
21,19,loss,-1.0,-1.0,-15.0
24,14,win,1.0,1.0,-10.0
19,23,loss,-1.0,-1.0,-20.0
22,19,win,1.0,1.0,-15.0
21,13,loss,-1.0,-1.0,-20.0
24,20,win,1.0,1.0,-15.0
21,16,surrender,-0.5,-0.5,-17.5
25,19,win,1.0,1.0,-12.5
17,20,win,1.0,1.0,-7.5
18,19,win,1.0,1.0,-2.5
20,24,loss,-1.0,-1.0,-12.5
16,17,surrender,-0.5,-0.5,-15.0
18,23,loss,-1.0,-1.0,-20.0
19,19,draw,0.0,0.0,-20.0
16,25,loss,-1.0,-1.0,-25.0
15,23,loss,-1.0,-1.0,-30.0
19,25,loss,-1.0,-1.0,-35.0
17,20,win,1.0,1.0,-30.0
24,16,win,1.0,1.0,-25.0
18,21,win,1.0,1.0,-20.0
19,23,loss,-1.0,-1.0,-25.0
23,21,win,1.0,1.0,-20.0
20,19,loss,-1.0,-1.0,-25.0
17,16,loss,-1.0,-1.0,-30.0
21,20,loss,-1.0,-1.0,-35.0
20,14,loss,-1.0,-1.0,-40.0
21,20,loss,-1.0,-1.0,-45.0
23,17,win,1.0,1.0,-40.0
20,21,win,1.0,1.0,-35.0
19,14,loss,-1.0,-1.0,-40.0
21,17,loss,-1.0,-1.0,-45.0
18,18,draw,0.0,0.0,-45.0
16,16,surrender,-0.5,-0.5,-47.5
25,18,win,1.0,1.0,-42.5
22,17,win,1.0,1.0,-37.5
20,17,loss,-1.0,-1.0,-42.5
26,18,win,1.0,1.0,-37.5
20,13,loss,-1.0,-1.0,-42.5
25,18,win,1.0,1.0,-37.5
25,15,win,1.0,1.0,-32.5
17,20,win,1.0,1.0,-27.5
23,14,win,1.0,1.0,-22.5
17,23,loss,-1.0,-1.0,-27.5
16,16,surrender,-0.5,-0.5,-30.0
17,15,loss,-1.0,-1.0,-35.0
17,18,win,1.0,1.0,-30.0
22,20,win,1.0,1.0,-25.0
23,16,win,1.0,1.0,-20.0
20,19,loss,-1.0,-1.0,-25.0
20,15,surrender,-0.5,-0.5,-27.5
17,16,loss,-1.0,-1.0,-32.5
19,20,win,1.0,1.0,-27.5
18,16,loss,-1.0,-1.0,-37.5
19,17,loss,-1.0,-1.0,-42.5
20,25,loss,-1.0,-1.0,-52.5
23,18,win,1.0,1.0,-47.5
20,18,loss,-1.0,-1.0,-52.5
21,19,loss,-1.0,-1.0,-57.5
23,19,win,1.0,1.0,-52.5
17,15,loss,-1.0,-1.0,-57.5
22,20,win,1.0,1.0,-52.5
17,19,win,1.0,1.0,-47.5
21,23,loss,-1.0,-1.0,-52.5
15,25,loss,-1.0,-1.0,-57.5
22,20,win,1.0,1.0,-52.5
17,19,win,1.0,1.0,-47.5
26,17,win,1.0,1.0,-42.5
21,20,loss,-1.0,-1.0,-47.5
23,15,win,1.0,1.0,-42.5
17,20,win,1.0,1.0,-37.5
24,18,win,1.0,1.0,-32.5
21,14,loss,-1.0,-1.0,-37.5
21,19,loss,-1.0,-1.0,-42.5
17,16,loss,-1.0,-1.0,-47.5
21,19,loss,-1.0,-1.0,-52.5
16,14,surrender,-0.5,-0.5,-55.0
14,17,surrender,-0.5,-0.5,-57.5
21,20,loss,-1.0,-1.0,-62.5
12,23,loss,-1.0,-1.0,-67.5
18,14,loss,-1.0,-1.0,-72.5
17,21,win,1.0,1.0,-67.5
21,15,loss,-1.0,-1.0,-72.5
20,23,loss,-1.0,-1.0,-77.5
19,16,loss,-1.0,-1.0,-82.5
18,23,loss,-1.0,-1.0,-87.5
17,19,win,1.0,1.0,-82.5
22,14,win,1.0,1.0,-77.5
20,15,surrender,-0.5,-0.5,-80.0
20,19,loss,-1.0,-1.0,-85.0
21,18,loss,-1.0,-1.0,-90.0
21,24,loss,-1.0,-1.0,-100.0
26,16,win,1.0,1.0,-95.0
17,20,win,1.0,1.0,-90.0
22,15,win,1.0,1.0,-85.0
19,19,draw,0.0,0.0,-85.0
17,16,loss,-1.0,-1.0,-90.0
19,24,loss,-1.0,-1.0,-100.0
25,16,win,1.0,1.0,-90.0
14,23,loss,-1.0,-1.0,-95.0
20,18,loss,-1.0,-1.0,-100.0
24,18,win,1.0,1.0,-95.0
21,20,loss,-1.0,-1.0,-100.0
26,16,win,1.0,1.0,-95.0
21,20,loss,-1.0,-1.0,-100.0
20,14,loss,-1.0,-1.0,-105.0
18,23,loss,-1.0,-1.0,-110.0
21,21,draw,0.0,0.0,-110.0
23,21,win,1.0,1.0,-105.0
15,17,surrender,-0.5,-0.5,-107.5
17,19,win,1.0,1.0,-102.5
15,17,surrender,-0.5,-0.5,-105.0
17,20,win,1.0,1.0,-100.0
20,21,win,1.0,1.0,-95.0
19,19,draw,0.0,0.0,-95.0
17,24,loss,-1.0,-1.0,-100.0
17,14,loss,-1.0,-1.0,-105.0
17,20,win,1.0,1.0,-100.0
17,19,win,1.0,1.0,-95.0
21,16,loss,-1.0,-1.0,-100.0
20,23,loss,-1.0,-1.0,-105.0
23,21,win,1.0,1.0,-100.0
7,22,loss,-1.0,-1.0,-105.0
18,17,loss,-1.0,-1.0,-110.0
26,13,win,1.0,1.0,-105.0
17,21,win,1.0,1.0,-100.0
19,20,win,1.0,1.0,-95.0
18,18,draw,0.0,0.0,-95.0
20,25,loss,-1.0,-1.0,-105.0
17,25,loss,-1.0,-1.0,-115.0
21,14,surrender,-0.5,-0.5,-117.5
20,20,draw,0.0,0.0,-117.5
20,16,surrender,-0.5,-0.5,-120.0
16,24,loss,-1.0,-1.0,-125.0
24,13,win,1.0,1.0,-120.0
21,16,loss,-1.0,-1.0,-125.0
19,17,loss,-1.0,-1.0,-130.0
20,25,loss,-1.0,-1.0,-140.0
18,21,win,1.0,1.0,-135.0
17,19,win,1.0,1.0,-130.0
19,23,loss,-1.0,-1.0,-140.0
18,17,loss,-1.0,-1.0,-145.0
20,19,loss,-1.0,-1.0,-150.0
18,21,win,1.0,1.0,-145.0
20,16,loss,-1.0,-1.0,-150.0
20,14,loss,-1.0,-1.0,-155.0
22,18,win,1.0,1.0,-150.0
22,13,win,1.0,1.0,-145.0
21,20,loss,-1.0,-1.0,-150.0
21,15,loss,-1.0,-1.0,-155.0
23,20,win,1.0,1.0,-150.0
16,25,loss,-1.0,-1.0,-155.0
19,16,loss,-1.0,-1.0,-160.0
17,14,loss,-1.0,-1.0,-165.0
17,19,win,1.0,1.0,-160.0
23,16,win,1.0,1.0,-155.0
22,17,win,1.0,1.0,-150.0
23,16,win,1.0,1.0,-145.0
17,19,win,1.0,1.0,-140.0
21,15,loss,-1.0,-1.0,-145.0
21,14,surrender,-0.5,-0.5,-147.5
17,19,win,1.0,1.0,-142.5
18,13,loss,-1.0,-1.0,-147.5
18,15,loss,-1.0,-1.0,-152.5
22,13,win,1.0,1.0,-147.5
18,20,win,1.0,1.0,-142.5
19,19,draw,0.0,0.0,-142.5
20,16,loss,-1.0,-1.0,-147.5
19,16,surrender,-0.5,-0.5,-150.0
17,13,loss,-1.0,-1.0,-155.0
15,23,loss,-1.0,-1.0,-160.0
22,20,win,1.0,1.0,-155.0
17,17,draw,0.0,0.0,-155.0
19,19,draw,0.0,0.0,-155.0
21,22,loss,-1.0,-1.0,-160.0
18,18,draw,0.0,0.0,-160.0
20,20,draw,0.0,0.0,-160.0
18,20,win,1.0,1.0,-155.0
13,14,surrender,-0.5,-0.5,-157.5
25,15,win,1.0,1.0,-152.5
18,18,draw,0.0,0.0,-152.5
13,22,loss,-1.0,-1.0,-157.5
19,13,loss,-1.0,-1.0,-162.5
20,20,draw,0.0,0.0,-162.5
23,21,win,1.0,1.0,-157.5
20,18,loss,-1.0,-1.0,-162.5
19,18,loss,-1.0,-1.0,-167.5
19,19,draw,0.0,0.0,-167.5
24,21,win,1.0,1.0,-162.5
21,21,draw,0.0,0.0,-162.5
17,19,win,1.0,1.0,-157.5
17,24,loss,-1.0,-1.0,-162.5
19,20,win,1.0,1.0,-157.5
17,21,win,1.0,1.0,-152.5
21,18,loss,-1.0,-1.0,-157.5
18,15,loss,-1.0,-1.0,-162.5
19,20,win,1.0,1.0,-157.5
18,18,draw,0.0,0.0,-157.5
7,22,loss,-1.0,-1.0,-162.5
16,14,surrender,-0.5,-0.5,-165.0
19,24,loss,-1.0,-1.0,-170.0
19,22,loss,-1.0,-1.0,-175.0
18,20,win,1.0,1.0,-170.0
18,19,win,1.0,1.0,-165.0
21,18,loss,-1.0,-1.0,-170.0
22,15,win,1.0,1.0,-165.0
21,19,loss,-1.0,-1.0,-170.0
18,18,draw,0.0,0.0,-170.0
18,17,loss,-1.0,-1.0,-175.0
25,15,win,1.0,1.0,-170.0
21,25,loss,-1.0,-1.0,-180.0
18,19,win,1.0,1.0,-175.0
18,21,win,1.0,1.0,-170.0
20,21,win,1.0,1.0,-160.0
19,16,loss,-1.0,-1.0,-165.0
19,22,loss,-1.0,-1.0,-170.0
21,21,draw,0.0,0.0,-170.0
25,19,win,1.0,1.0,-165.0
19,19,draw,0.0,0.0,-165.0
23,18,win,1.0,1.0,-160.0
20,23,loss,-1.0,-1.0,-165.0
14,16,surrender,-0.5,-0.5,-167.5
17,21,win,1.0,1.0,-162.5
19,16,surrender,-0.5,-0.5,-165.0
20,17,loss,-1.0,-1.0,-170.0
20,19,loss,-1.0,-1.0,-175.0
23,18,win,1.0,1.0,-170.0
21,13,loss,-1.0,-1.0,-175.0
17,21,win,1.0,1.0,-170.0
17,20,win,1.0,1.0,-165.0
17,23,loss,-1.0,-1.0,-170.0
18,20,win,1.0,1.0,-165.0
17,18,win,1.0,1.0,-155.0
17,17,draw,0.0,0.0,-155.0
20,24,loss,-1.0,-1.0,-165.0
20,20,draw,0.0,0.0,-165.0
18,22,loss,-1.0,-1.0,-170.0
21,22,loss,-1.0,-1.0,-180.0
24,13,win,1.0,1.0,-175.0
25,18,win,1.0,1.0,-170.0
19,18,loss,-1.0,-1.0,-175.0
26,19,win,1.0,1.0,-165.0
14,22,loss,-1.0,-1.0,-170.0
17,23,loss,-1.0,-1.0,-175.0
23,13,win,1.0,1.0,-170.0
24,21,win,1.0,1.0,-165.0
20,22,loss,-1.0,-1.0,-170.0
26,20,win,1.0,1.0,-165.0
26,17,win,1.0,1.0,-160.0
22,20,win,1.0,1.0,-155.0
19,18,loss,-1.0,-1.0,-160.0
23,20,win,1.0,1.0,-155.0
23,20,win,1.0,1.0,-150.0
21,19,loss,-1.0,-1.0,-155.0
22,21,win,1.0,1.0,-150.0
18,19,win,1.0,1.0,-145.0
24,20,win,1.0,1.0,-140.0
20,20,draw,0.0,0.0,-140.0
17,17,draw,0.0,0.0,-140.0
19,13,loss,-1.0,-1.0,-145.0
24,16,win,1.0,1.0,-140.0
21,21,draw,0.0,0.0,-140.0
20,24,loss,-1.0,-1.0,-150.0
19,17,loss,-1.0,-1.0,-155.0
17,13,loss,-1.0,-1.0,-160.0
15,16,surrender,-0.5,-0.5,-162.5
18,18,draw,0.0,0.0,-162.5
17,17,surrender,-0.5,-0.5,-165.0
24,19,win,1.0,1.0,-160.0
19,19,draw,0.0,0.0,-160.0
20,19,loss,-1.0,-1.0,-165.0
22,20,win,1.0,1.0,-160.0
17,14,loss,-1.0,-1.0,-165.0
19,13,loss,-1.0,-1.0,-170.0
22,20,win,1.0,1.0,-165.0
22,18,win,1.0,1.0,-160.0
24,19,win,1.0,1.0,-155.0
20,22,loss,-1.0,-1.0,-165.0
20,18,loss,-1.0,-1.0,-170.0
23,19,win,1.0,1.0,-165.0
17,19,win,1.0,1.0,-160.0
17,16,loss,-1.0,-1.0,-165.0
18,20,win,1.0,1.0,-160.0
20,20,draw,0.0,0.0,-160.0
18,26,loss,-1.0,-1.0,-170.0
24,20,win,1.0,1.0,-165.0
17,25,loss,-1.0,-1.0,-170.0
23,20,win,1.0,1.0,-165.0
16,16,surrender,-0.5,-0.5,-167.5
17,21,win,1.0,1.0,-162.5
17,17,draw,0.0,0.0,-162.5
19,17,loss,-1.0,-1.0,-167.5
17,21,win,1.0,1.0,-162.5
18,20,win,1.0,1.0,-157.5
23,15,win,1.0,1.0,-152.5
21,20,loss,-1.0,-1.0,-157.5
25,20,win,1.0,1.0,-147.5
25,16,win,1.0,1.0,-142.5
15,17,surrender,-0.5,-0.5,-145.0
24,17,win,1.0,1.0,-140.0
21,17,loss,-1.0,-1.0,-145.0
22,18,win,1.0,1.0,-140.0
19,20,win,1.0,1.0,-135.0
18,26,loss,-1.0,-1.0,-140.0
15,16,surrender,-0.5,-0.5,-142.5
20,18,loss,-1.0,-1.0,-147.5
21,20,loss,-1.0,-1.0,-152.5
18,18,draw,0.0,0.0,-152.5
17,16,loss,-1.0,-1.0,-157.5
13,16,surrender,-0.5,-0.5,-160.0
15,23,loss,-1.0,-1.0,-165.0
25,20,win,1.0,1.0,-160.0
17,19,win,1.0,1.0,-155.0
24,19,win,1.0,1.0,-150.0
20,14,loss,-1.0,-1.0,-155.0
20,17,surrender,-0.5,-0.5,-157.5
24,18,win,1.0,1.0,-152.5
20,16,loss,-1.0,-1.0,-157.5
19,21,win,1.0,1.0,-152.5
26,13,win,1.0,1.0,-147.5
24,21,win,1.0,1.0,-142.5
17,16,loss,-1.0,-1.0,-147.5
25,21,win,1.0,1.0,-142.5
19,19,draw,0.0,0.0,-142.5
21,16,loss,-1.0,-1.0,-147.5
17,16,loss,-1.0,-1.0,-152.5
20,21,win,1.0,1.0,-147.5
20,19,loss,-1.0,-1.0,-152.5
18,19,win,1.0,1.0,-147.5
22,13,win,1.0,1.0,-142.5
20,21,win,1.0,1.0,-132.5
19,20,win,1.0,1.0,-127.5
14,23,loss,-1.0,-1.0,-132.5
21,22,loss,-1.0,-1.0,-137.5
15,22,loss,-1.0,-1.0,-142.5
19,21,win,1.0,1.0,-137.5
25,18,win,1.0,1.0,-132.5
18,16,loss,-1.0,-1.0,-137.5
20,20,draw,0.0,0.0,-137.5
23,20,win,1.0,1.0,-132.5
13,16,surrender,-0.5,-0.5,-135.0
22,20,win,1.0,1.0,-130.0
17,19,win,1.0,1.0,-125.0
21,13,loss,-1.0,-1.0,-130.0
19,22,loss,-1.0,-1.0,-135.0
20,17,surrender,-0.5,-0.5,-137.5
17,25,loss,-1.0,-1.0,-147.5
26,17,win,1.0,1.0,-142.5
20,24,loss,-1.0,-1.0,-152.5
21,15,surrender,-0.5,-0.5,-155.0
21,21,draw,0.0,0.0,-155.0
19,18,loss,-1.0,-1.0,-160.0
17,15,loss,-1.0,-1.0,-165.0
21,16,loss,-1.0,-1.0,-170.0
20,21,win,1.0,1.0,-165.0
21,17,surrender,-0.5,-0.5,-167.5
18,19,win,1.0,1.0,-162.5
22,23,loss,-1.0,-1.0,-172.5
17,17,draw,0.0,0.0,-172.5
25,13,win,1.0,1.0,-167.5
24,14,win,1.0,1.0,-162.5
17,22,loss,-1.0,-1.0,-167.5
16,15,surrender,-0.5,-0.5,-170.0
17,16,loss,-1.0,-1.0,-175.0
26,23,loss,-1.0,-1.0,-185.0
18,20,win,1.0,1.0,-180.0
18,21,win,1.0,1.0,-175.0
22,13,win,1.0,1.0,-170.0
21,21,draw,0.0,0.0,-170.0
20,20,draw,0.0,0.0,-170.0
20,16,loss,-1.0,-1.0,-175.0
22,13,win,1.0,1.0,-170.0
22,13,win,1.0,1.0,-165.0
24,14,win,1.0,1.0,-160.0
15,17,surrender,-0.5,-0.5,-162.5
25,17,win,1.0,1.0,-157.5
15,25,loss,-1.0,-1.0,-162.5
20,24,loss,-1.0,-1.0,-172.5
23,21,win,1.0,1.0,-167.5
26,16,win,1.0,1.0,-162.5
23,18,win,1.0,1.0,-157.5
19,21,win,1.0,1.0,-147.5
19,19,draw,0.0,0.0,-147.5
20,15,loss,-1.0,-1.0,-152.5
25,13,win,1.0,1.0,-147.5
22,20,win,1.0,1.0,-142.5
18,19,win,1.0,1.0,-137.5
17,18,win,1.0,1.0,-132.5
18,13,loss,-1.0,-1.0,-137.5
20,23,loss,-1.0,-1.0,-142.5
20,24,loss,-1.0,-1.0,-152.5
25,18,win,1.0,1.0,-147.5
20,18,loss,-1.0,-1.0,-152.5
21,19,loss,-1.0,-1.0,-157.5
25,14,win,1.0,1.0,-152.5
20,21,win,1.0,1.0,-142.5
21,17,loss,-1.0,-1.0,-147.5
23,17,win,1.0,1.0,-142.5
25,21,win,1.0,1.0,-137.5
23,20,win,1.0,1.0,-132.5
20,19,loss,-1.0,-1.0,-137.5
20,16,loss,-1.0,-1.0,-147.5
20,17,surrender,-0.5,-0.5,-150.0
23,20,win,1.0,1.0,-145.0
17,12,loss,-1.0,-1.0,-150.0
19,15,loss,-1.0,-1.0,-155.0
23,13,win,1.0,1.0,-150.0
20,14,loss,-1.0,-1.0,-155.0
21,20,loss,-1.0,-1.0,-165.0
22,14,win,1.0,1.0,-160.0
23,18,win,1.0,1.0,-155.0
17,20,win,1.0,1.0,-150.0
20,23,loss,-1.0,-1.0,-155.0
19,21,win,1.0,1.0,-150.0
18,18,draw,0.0,0.0,-150.0
20,21,win,1.0,1.0,-145.0
24,13,win,1.0,1.0,-140.0
19,25,loss,-1.0,-1.0,-150.0
18,22,loss,-1.0,-1.0,-155.0
19,20,win,1.0,1.0,-150.0
12,17,surrender,-0.5,-0.5,-152.5
17,20,win,1.0,1.0,-142.5
17,14,loss,-1.0,-1.0,-147.5
18,17,loss,-1.0,-1.0,-152.5
21,19,loss,-1.0,-1.0,-157.5
23,13,win,1.0,1.0,-152.5
18,16,loss,-1.0,-1.0,-157.5
24,21,win,1.0,1.0,-152.5
19,14,loss,-1.0,-1.0,-157.5
18,15,loss,-1.0,-1.0,-162.5
21,18,loss,-1.0,-1.0,-167.5
23,14,win,1.0,1.0,-162.5
25,19,win,1.0,1.0,-157.5
23,20,win,1.0,1.0,-152.5
19,19,draw,0.0,0.0,-152.5
18,22,loss,-1.0,-1.0,-157.5
19,20,win,1.0,1.0,-152.5
17,20,win,1.0,1.0,-147.5
18,18,draw,0.0,0.0,-147.5
25,18,win,1.0,1.0,-142.5
18,13,loss,-1.0,-1.0,-147.5
20,19,loss,-1.0,-1.0,-152.5
18,20,win,1.0,1.0,-147.5
20,17,surrender,-0.5,-0.5,-150.0
22,20,win,1.0,1.0,-145.0
25,13,win,1.0,1.0,-140.0
18,18,draw,0.0,0.0,-140.0
17,21,win,1.0,1.0,-135.0
21,16,surrender,-0.5,-0.5,-137.5
20,18,loss,-1.0,-1.0,-142.5
19,21,win,1.0,1.0,-137.5
18,20,win,1.0,1.0,-132.5
17,24,loss,-1.0,-1.0,-142.5
25,24,loss,-1.0,-1.0,-152.5
22,19,win,1.0,1.0,-147.5
18,16,loss,-1.0,-1.0,-152.5
20,18,loss,-1.0,-1.0,-157.5
17,22,loss,-1.0,-1.0,-162.5
17,17,surrender,-0.5,-0.5,-165.0
18,24,loss,-1.0,-1.0,-170.0
17,16,loss,-1.0,-1.0,-175.0
23,14,win,1.0,1.0,-170.0
19,20,win,1.0,1.0,-165.0
20,19,loss,-1.0,-1.0,-170.0
21,19,loss,-1.0,-1.0,-175.0
18,20,win,1.0,1.0,-170.0
10,25,loss,-1.0,-1.0,-175.0
15,24,loss,-1.0,-1.0,-180.0
19,18,loss,-1.0,-1.0,-185.0
21,23,loss,-1.0,-1.0,-190.0
12,22,loss,-1.0,-1.0,-195.0
20,20,draw,0.0,0.0,-195.0
19,19,draw,0.0,0.0,-195.0
21,16,loss,-1.0,-1.0,-205.0
15,25,loss,-1.0,-1.0,-210.0
19,20,win,1.0,1.0,-205.0
19,17,loss,-1.0,-1.0,-210.0
18,19,win,1.0,1.0,-205.0
14,26,loss,-1.0,-1.0,-210.0
14,23,loss,-1.0,-1.0,-215.0
19,18,loss,-1.0,-1.0,-220.0
12,14,surrender,-0.5,-0.5,-222.5
20,21,win,1.0,1.0,-217.5
16,17,surrender,-0.5,-0.5,-220.0
18,16,loss,-1.0,-1.0,-225.0
18,16,surrender,-0.5,-0.5,-227.5
18,20,win,1.0,1.0,-222.5
21,21,draw,0.0,0.0,-222.5
17,20,win,1.0,1.0,-217.5
13,16,surrender,-0.5,-0.5,-220.0
17,16,loss,-1.0,-1.0,-225.0
19,19,draw,0.0,0.0,-225.0
19,20,win,1.0,1.0,-220.0
19,20,win,1.0,1.0,-215.0
23,14,win,1.0,1.0,-210.0
17,18,win,1.0,1.0,-205.0
13,22,loss,-1.0,-1.0,-210.0
19,18,loss,-1.0,-1.0,-215.0
19,20,win,1.0,1.0,-210.0
20,19,loss,-1.0,-1.0,-215.0
17,18,win,1.0,1.0,-210.0
18,21,win,1.0,1.0,-205.0
18,22,loss,-1.0,-1.0,-215.0
18,16,loss,-1.0,-1.0,-220.0
19,21,win,1.0,1.0,-215.0
24,18,win,1.0,1.0,-210.0
19,26,loss,-1.0,-1.0,-220.0
21,17,surrender,-0.5,-0.5,-222.5
13,25,loss,-1.0,-1.0,-227.5
18,24,loss,-1.0,-1.0,-232.5
23,17,win,1.0,1.0,-227.5
18,19,win,1.0,1.0,-222.5
21,15,loss,-1.0,-1.0,-227.5
19,26,loss,-1.0,-1.0,-237.5
21,21,draw,0.0,0.0,-237.5
25,13,win,1.0,1.0,-232.5
18,20,win,1.0,1.0,-227.5
12,22,loss,-1.0,-1.0,-232.5
11,26,loss,-1.0,-1.0,-237.5
18,14,loss,-1.0,-1.0,-242.5
21,16,surrender,-0.5,-0.5,-245.0
22,19,win,1.0,1.0,-240.0
17,19,win,1.0,1.0,-235.0
18,14,loss,-1.0,-1.0,-240.0
18,17,loss,-1.0,-1.0,-245.0
15,15,surrender,-0.5,-0.5,-247.5
19,20,win,1.0,1.0,-242.5
17,21,win,1.0,1.0,-237.5
20,23,loss,-1.0,-1.0,-242.5
19,20,win,1.0,1.0,-237.5
18,22,loss,-1.0,-1.0,-242.5
24,19,win,1.0,1.0,-237.5
17,18,win,1.0,1.0,-232.5
17,17,surrender,-0.5,-0.5,-235.0
18,20,win,1.0,1.0,-230.0
18,19,win,1.0,1.0,-225.0
20,16,surrender,-0.5,-0.5,-227.5
23,21,win,1.0,1.0,-222.5
24,16,win,1.0,1.0,-217.5
17,20,win,1.0,1.0,-212.5
21,14,surrender,-0.5,-0.5,-215.0
22,21,win,1.0,1.0,-210.0
21,19,loss,-1.0,-1.0,-215.0
19,18,loss,-1.0,-1.0,-220.0
17,18,win,1.0,1.0,-215.0
14,25,loss,-1.0,-1.0,-220.0
17,15,loss,-1.0,-1.0,-225.0
19,21,win,1.0,1.0,-220.0
20,14,loss,-1.0,-1.0,-225.0
26,17,win,1.0,1.0,-220.0
17,16,loss,-1.0,-1.0,-225.0
23,16,win,1.0,1.0,-220.0
22,19,win,1.0,1.0,-215.0
19,16,loss,-1.0,-1.0,-220.0
26,17,win,1.0,1.0,-215.0
23,18,win,1.0,1.0,-210.0
20,18,loss,-1.0,-1.0,-215.0
18,25,loss,-1.0,-1.0,-225.0
23,14,win,1.0,1.0,-220.0
20,13,loss,-1.0,-1.0,-225.0
24,20,win,1.0,1.0,-220.0
21,14,surrender,-0.5,-0.5,-222.5
22,21,win,1.0,1.0,-212.5
23,13,win,1.0,1.0,-207.5
17,21,win,1.0,1.0,-202.5
17,18,win,1.0,1.0,-197.5
18,22,loss,-1.0,-1.0,-207.5
15,17,surrender,-0.5,-0.5,-210.0
24,20,win,1.0,1.0,-205.0
22,20,win,1.0,1.0,-200.0
17,16,loss,-1.0,-1.0,-205.0
20,18,loss,-1.0,-1.0,-210.0
23,23,loss,-1.0,-1.0,-220.0
22,16,win,1.0,1.0,-215.0
20,20,draw,0.0,0.0,-215.0
24,21,win,1.0,1.0,-210.0
26,16,win,1.0,1.0,-205.0
17,19,win,1.0,1.0,-200.0
16,23,loss,-1.0,-1.0,-205.0
23,16,win,1.0,1.0,-200.0
23,13,win,1.0,1.0,-195.0
23,14,win,1.0,1.0,-190.0
23,23,loss,-1.0,-1.0,-200.0
